可视化说明
1.图片上方的数字代表训练次数
2.用的是matplotlib的库
3.训练数据我觉得原版的太少了,我用random.uniform()函数造了16个数据
train_data1 =
[[1.3921580628585293, 5.769666993554058, 1],
[2.499661088313367, 8.396334701243362, 1],
[2.4142589928332896, 8.552105679626603, 1],
[2.227200004317689, 5.547475513544993, 1],
[3.9824887225256154, 7.662672397746207, 1], 
[1.142393481586386, 4.264603754215791, 1],
[2.185447419325291, 4.866232268514939, 1], 
[2.3786455113712854, 6.007708987001357, 1]]  # 正样本

train_data2 =
[[6.143508481595929, 5.932365979411299, -1],
[8.74522012025588, 6.632077766531511, -1],
[4.056645130936839, 1.509746572717006, -1], 
[5.343836074600894, 2.9093735720634992, -1], 
[4.165590481709283, 2.589084921855357, -1], 
[4.953291496224722, 4.62487754867853, -1],
[5.786745055859802, 1.7382039291757279, -1],
[7.301302268070938, 6.649050896117497, -1]]  # 负样本
4.由于我的电脑中的input还是出现问题，就注释掉了test函数
